1 3 4 5 8 10 7 9999999
48 51 54 55 55 9999999
7 9 12 15 16 17 20 24 9999999
49 52 55 57 58 60 65 9999999
73 75 77 80 81 78 81 82 9999999
83 84 87 85 86 84 9999999
76 77 80 79 80 80 9999999
25 27 28 29 28 30 34 9999999
21 23 26 28 26 27 34 9999999
71 72 72 73 74 75 77 80 9999999
31 33 36 36 38 40 39 9999999
11 14 17 17 17 9999999
43 45 45 48 52 9999999
54 57 58 59 61 62 62 68 9999999
47 50 53 57 60 63 66 9999999
46 47 48 52 53 52 9999999
89 91 94 98 98 9999999
56 59 62 64 66 70 74 9999999
50 52 53 57 60 61 68 9999999
72 74 75 78 84 86 89 90 9999999
47 49 56 57 60 59 9999999
63 64 67 69 70 75 77 77 9999999
59 62 63 65 68 75 79 9999999
75 77 79 85 92 9999999
9 8 11 12 15 17 19 9999999
32 30 32 35 32 9999999
43 40 42 43 46 46 9999999
7 5 8 11 12 13 16 20 9999999
78 77 78 79 82 85 88 95 9999999
76 74 75 72 75 77 78 80 9999999
31 30 32 34 32 34 35 34 9999999
16 14 13 16 17 19 21 21 9999999
83 80 82 80 83 87 9999999
48 45 48 51 50 53 59 9999999
4 2 2 5 8 11 9999999
58 55 57 60 60 59 9999999
65 64 65 67 67 68 69 69 9999999
24 21 22 24 24 25 29 9999999
21 20 20 22 23 29 9999999
48 46 48 50 51 52 56 59 9999999
58 57 58 60 62 66 64 9999999
71 70 74 77 80 80 9999999
63 61 62 66 68 72 9999999
49 48 50 53 54 58 63 9999999
4 2 3 10 13 14 9999999
56 54 57 58 64 61 9999999
8 6 11 14 15 15 9999999
24 23 26 31 33 37 9999999
27 24 26 31 36 9999999
80 80 82 85 88 89 9999999
17 17 20 21 23 25 23 9999999
46 46 49 52 55 56 58 58 9999999
14 14 17 18 20 23 24 28 9999999
11 11 14 17 20 23 29 9999999
27 27 26 27 30 31 34 35 9999999
81 81 84 82 85 82 9999999
69 69 70 72 70 71 71 9999999
30 30 29 32 36 9999999
1 1 4 1 3 5 12 9999999
71 71 72 73 76 77 77 79 9999999
66 66 67 70 73 73 71 9999999
83 83 85 86 86 86 9999999
84 84 87 88 88 89 91 95 9999999
27 27 30 30 33 36 43 9999999
36 36 37 38 41 45 48 9999999
85 85 87 91 89 9999999
18 18 20 22 26 26 9999999
57 57 60 64 68 9999999
34 34 37 41 47 9999999
76 76 83 84 86 89 90 92 9999999
16 16 18 25 28 30 29 9999999
43 43 48 49 50 50 9999999
56 56 59 60 66 68 71 75 9999999
25 25 27 32 35 42 9999999
18 22 23 25 26 9999999
67 71 73 74 75 76 78 77 9999999
28 32 34 37 37 9999999
77 81 82 84 87 90 91 95 9999999
40 44 47 48 53 9999999
88 92 90 92 93 96 9999999
80 84 86 89 91 90 93 92 9999999
63 67 66 67 70 70 9999999
81 85 87 84 88 9999999
61 65 62 64 65 70 9999999
61 65 66 67 70 70 71 74 9999999
34 38 38 39 42 43 41 9999999
88 92 94 96 96 97 97 9999999
6 10 10 13 14 15 17 21 9999999
28 32 32 34 37 42 9999999
5 9 13 16 19 22 9999999
64 68 71 75 73 9999999
7 11 14 15 19 19 9999999
79 83 84 85 89 91 95 9999999
11 15 17 21 23 30 9999999
2 6 9 11 12 17 20 9999999
32 36 37 39 44 46 45 9999999
43 47 54 55 55 9999999
8 12 15 22 25 26 30 9999999
64 68 70 75 76 83 9999999
52 59 60 61 62 9999999
67 72 73 74 76 77 78 77 9999999
74 81 82 83 84 86 86 9999999
84 89 90 91 92 93 95 99 9999999
46 53 56 57 64 9999999
26 33 34 32 34 9999999
1 8 7 9 12 14 17 16 9999999
88 95 97 94 95 97 98 98 9999999
49 56 57 55 59 9999999
28 34 35 36 38 36 42 9999999
20 26 26 28 31 9999999
61 67 67 70 71 68 9999999
56 63 63 64 66 66 9999999
47 53 55 55 59 9999999
59 64 67 70 72 72 77 9999999
15 20 24 27 28 31 32 9999999
50 57 61 62 64 61 9999999
78 83 84 88 89 89 9999999
34 39 41 45 48 52 9999999
27 33 37 38 39 40 42 49 9999999
22 28 30 31 36 37 9999999
41 48 51 54 55 60 61 60 9999999
74 80 81 84 90 90 9999999
65 72 73 80 82 83 87 9999999
50 57 62 64 71 9999999
53 52 51 49 48 50 9999999
40 38 37 36 34 32 32 9999999
37 35 34 31 30 29 27 23 9999999
85 82 79 76 75 74 72 66 9999999
70 68 65 64 62 59 60 58 9999999
59 57 55 52 50 53 52 55 9999999
8 6 5 7 7 9999999
88 87 85 86 82 9999999
99 97 95 94 97 94 92 86 9999999
33 31 31 29 28 9999999
60 59 57 57 56 54 57 9999999
82 79 79 76 74 71 71 9999999
82 80 80 79 77 73 9999999
61 58 57 57 51 9999999
19 16 12 10 7 6 9999999
46 45 43 40 36 37 9999999
79 77 73 71 71 9999999
26 25 24 20 16 9999999
37 35 31 30 25 9999999
63 60 59 54 52 51 49 47 9999999
69 67 61 60 63 9999999
92 91 86 84 84 9999999
48 47 46 43 42 35 33 29 9999999
82 80 79 77 70 69 68 61 9999999
47 50 48 45 42 39 38 9999999
29 32 30 29 26 29 9999999
28 29 26 23 21 18 15 15 9999999
90 91 88 87 84 83 79 9999999
30 33 30 27 26 23 16 9999999
76 78 77 76 74 75 74 71 9999999
29 30 28 27 30 31 9999999
67 70 67 68 66 66 9999999
84 86 85 86 84 80 9999999
29 30 29 28 31 26 9999999
82 84 81 81 79 76 74 9999999
54 56 56 55 58 9999999
83 86 86 84 82 80 78 78 9999999
27 28 28 26 24 20 9999999
52 53 50 49 49 46 45 40 9999999
30 33 31 30 29 25 24 9999999
65 68 65 61 58 60 9999999
61 64 60 57 55 52 52 9999999
57 60 59 56 54 50 46 9999999
75 76 75 71 64 9999999
33 36 33 32 26 24 9999999
18 19 13 12 10 13 9999999
78 80 73 71 69 67 67 9999999
24 26 24 18 15 11 9999999
19 21 18 16 15 10 4 9999999
21 21 18 17 16 9999999
47 47 45 44 47 9999999
24 24 22 21 21 9999999
58 58 57 54 51 49 45 9999999
62 62 61 59 57 56 50 9999999
61 61 59 60 58 55 52 49 9999999
41 41 39 36 34 36 34 35 9999999
77 77 79 78 78 9999999
20 20 19 20 16 9999999
44 44 41 38 41 35 9999999
92 92 92 90 87 86 84 9999999
31 31 31 29 26 24 23 26 9999999
16 16 15 15 14 12 12 9999999
78 78 78 76 72 9999999
73 73 72 72 67 9999999
90 90 88 87 85 81 80 79 9999999
20 20 19 16 12 13 9999999
62 62 58 55 52 52 9999999
99 99 95 92 91 89 87 83 9999999
80 80 76 75 74 67 9999999
88 88 81 79 78 77 74 9999999
53 53 46 44 46 9999999
91 91 84 81 79 76 76 9999999
29 29 22 20 19 16 13 9 9999999
80 80 79 74 73 68 9999999
81 77 76 75 74 71 9999999
20 16 13 11 10 9 12 9999999
40 36 33 32 31 28 28 9999999
75 71 70 67 63 9999999
62 58 55 53 46 9999999
50 46 47 44 42 39 9999999
50 46 43 45 44 46 9999999
82 78 76 78 77 77 9999999
55 51 50 49 47 44 45 41 9999999
31 27 26 23 20 23 16 9999999
25 21 21 20 17 14 9999999
93 89 87 87 84 87 9999999
10 6 4 4 4 9999999
22 18 16 16 14 10 9999999
40 36 34 32 32 30 24 9999999
32 28 25 22 20 16 13 9999999
24 20 19 18 14 13 10 13 9999999
99 95 92 89 87 85 81 81 9999999
71 67 65 61 57 9999999
45 41 37 35 33 31 29 23 9999999
49 45 38 35 33 32 29 9999999
98 94 92 90 84 85 9999999
72 68 63 61 58 55 55 9999999
92 88 82 80 79 75 9999999
94 90 85 82 80 78 75 69 9999999
18 13 12 9 7 6 9999999
47 41 39 37 35 34 31 33 9999999
49 44 41 38 35 32 29 29 9999999
38 33 30 27 23 9999999
79 73 71 68 67 64 57 9999999
66 60 59 58 57 59 57 55 9999999
21 14 11 9 8 5 8 11 9999999
54 49 46 48 45 44 44 9999999
41 34 32 34 32 31 27 9999999
69 63 64 62 61 55 9999999
32 26 26 23 20 17 15 14 9999999
20 15 12 12 10 13 9999999
88 83 82 80 78 75 75 75 9999999
94 89 88 88 86 82 9999999
52 46 45 44 44 38 9999999
17 12 10 6 5 9999999
61 56 54 52 48 49 9999999
77 71 70 67 64 60 60 9999999
62 57 55 52 48 47 46 42 9999999
57 52 48 46 45 40 9999999
97 92 90 87 81 80 79 9999999
24 17 14 8 9 9999999
76 70 67 62 62 9999999
81 76 73 66 63 62 58 9999999
98 92 89 84 82 76 9999999
92 94 97 98 96 9999999
52 53 55 56 59 61 62 62 9999999
28 31 34 35 36 40 9999999
23 26 28 31 38 9999999
88 91 90 91 93 9999999
64 66 67 64 67 65 9999999
80 81 83 81 84 84 9999999
88 90 91 89 93 9999999
69 72 74 76 73 74 80 9999999
9 11 13 13 15 17 18 9999999
80 82 82 84 86 83 9999999
15 17 17 19 20 21 24 24 9999999
69 72 75 75 78 80 83 87 9999999
69 71 72 75 77 77 80 85 9999999
2 5 7 8 12 15 9999999
73 75 78 82 81 9999999
15 16 20 22 24 26 27 27 9999999
38 39 42 43 44 48 52 9999999
48 49 51 53 57 60 61 68 9999999
39 40 42 44 50 51 52 9999999
53 55 61 64 61 9999999
87 89 95 98 99 99 9999999
29 32 34 40 43 46 49 53 9999999
1 2 8 9 12 15 21 9999999
88 87 88 90 91 9999999
63 61 64 66 68 65 9999999
36 33 35 38 41 41 9999999
19 18 21 23 25 27 28 32 9999999
72 70 71 74 75 78 80 87 9999999
25 24 27 24 25 28 9999999
8 6 3 6 7 9 11 10 9999999
30 29 27 28 29 32 32 9999999
97 94 91 92 96 9999999
75 74 71 72 78 9999999
34 32 33 34 34 36 38 40 9999999
75 73 73 74 73 9999999
77 75 76 79 79 80 80 9999999
52 50 50 53 54 58 9999999
77 74 76 76 78 79 81 88 9999999
84 83 85 89 91 9999999
61 60 62 65 69 70 69 9999999
39 37 38 40 43 47 50 50 9999999
88 85 88 92 94 98 9999999
43 41 44 48 55 9999999
15 14 16 23 25 9999999
49 46 47 48 49 56 54 9999999
8 7 13 15 18 18 9999999
52 49 50 55 56 57 59 63 9999999
57 55 58 64 70 9999999
53 53 55 57 59 61 64 9999999
75 75 76 79 82 81 9999999
89 89 91 93 95 97 98 98 9999999
38 38 41 44 46 50 9999999
3 3 4 6 9 10 13 20 9999999
83 83 84 81 82 84 86 9999999
26 26 23 24 25 24 9999999
18 18 20 22 19 22 24 24 9999999
51 51 53 54 53 56 59 63 9999999
38 38 40 37 38 45 9999999
50 50 50 52 54 9999999
53 53 53 55 54 9999999
53 53 54 56 56 56 9999999
40 40 42 45 48 48 49 53 9999999
79 79 79 82 84 86 87 92 9999999
57 57 60 64 67 9999999
12 12 15 18 22 19 9999999
71 71 74 75 79 81 81 9999999
13 13 17 18 20 21 24 28 9999999
72 72 75 77 78 82 87 9999999
59 59 60 66 67 9999999
28 28 35 38 36 9999999
89 89 95 96 96 9999999
44 44 50 52 56 9999999
59 59 65 68 70 75 9999999
81 85 88 89 91 93 9999999
67 71 72 74 75 78 79 77 9999999
68 72 73 76 78 78 9999999
5 9 11 12 15 19 9999999
3 7 8 9 12 14 17 24 9999999
19 23 21 22 24 25 9999999
73 77 80 79 80 81 78 9999999
66 70 71 72 71 71 9999999
33 37 38 37 38 39 43 9999999
84 88 87 90 95 9999999
2 6 9 9 11 14 15 9999999
2 6 6 8 6 9999999
76 80 80 81 81 9999999
46 50 53 54 54 58 9999999
25 29 29 31 33 40 9999999
64 68 72 75 78 81 9999999
79 83 87 90 92 94 92 9999999
8 12 14 18 20 20 9999999
51 55 58 62 64 66 70 9999999
31 35 39 42 49 9999999
42 46 49 52 59 61 62 64 9999999
34 38 40 45 48 49 52 51 9999999
28 32 33 38 38 9999999
10 14 16 19 20 27 31 9999999
6 10 16 18 21 26 9999999
56 61 63 65 68 71 73 9999999
43 49 52 55 57 58 60 58 9999999
81 87 90 93 96 98 98 9999999
77 84 85 86 89 91 95 9999999
72 78 80 82 83 90 9999999
80 87 84 87 88 9999999
22 28 27 30 31 29 9999999
24 31 32 30 32 32 9999999
9 15 12 15 18 21 24 28 9999999
40 46 49 52 50 51 53 58 9999999
62 67 68 69 69 72 74 9999999
45 50 50 53 50 9999999
91 96 97 97 97 9999999
48 54 54 57 59 62 64 68 9999999
48 53 56 58 60 63 63 68 9999999
51 56 58 59 63 66 69 70 9999999
32 38 39 40 42 46 48 46 9999999
48 53 54 55 57 61 61 9999999
7 13 16 17 18 22 26 9999999
75 82 83 87 93 9999999
15 22 23 30 33 34 36 37 9999999
15 20 26 28 26 9999999
31 37 39 42 44 47 53 53 9999999
42 49 50 53 54 56 61 65 9999999
32 39 46 49 54 9999999
38 36 35 32 31 29 31 9999999
34 31 29 26 24 24 9999999
74 71 70 69 68 66 62 9999999
67 65 63 61 58 55 49 9999999
20 19 18 17 15 18 16 9999999
47 44 42 45 46 9999999
30 28 27 26 29 29 9999999
64 61 64 62 58 9999999
89 86 85 88 87 86 81 9999999
36 33 32 29 26 24 24 23 9999999
37 36 35 35 36 9999999
63 61 59 56 55 54 54 54 9999999
18 17 17 16 13 9 9999999
30 29 27 27 24 17 9999999
87 84 82 80 77 73 71 70 9999999
29 27 24 20 19 18 20 9999999
82 79 75 74 74 9999999
59 58 55 51 47 9999999
88 87 86 82 75 9999999
91 89 86 81 78 9999999
42 39 34 31 30 29 28 29 9999999
98 97 96 89 89 9999999
78 77 72 69 67 64 62 58 9999999
88 86 84 82 79 76 70 64 9999999
64 65 62 60 58 9999999
82 85 84 81 78 77 80 9999999
42 45 42 39 38 35 35 9999999
95 97 95 94 90 9999999
49 51 50 49 47 46 41 9999999
38 41 43 40 39 9999999
87 88 85 84 86 87 9999999
21 24 23 21 20 22 19 19 9999999
26 27 26 25 24 27 23 9999999
88 91 90 89 88 91 89 83 9999999
26 28 27 27 24 23 20 17 9999999
58 59 58 55 55 54 55 9999999
80 83 80 80 79 78 76 76 9999999
55 58 58 55 54 50 9999999
49 52 52 49 44 9999999
46 47 45 41 38 35 33 9999999
51 52 50 46 43 44 9999999
8 10 8 7 6 2 1 1 9999999
40 41 38 37 34 33 29 25 9999999
96 97 96 92 90 84 9999999
43 46 45 43 42 40 33 31 9999999
39 41 34 32 31 33 9999999
72 73 68 67 65 65 9999999
33 35 33 30 29 22 19 15 9999999
35 36 31 30 28 21 9999999
57 57 55 52 49 9999999
32 32 31 30 28 26 24 25 9999999
66 66 64 62 59 56 55 55 9999999
96 96 93 91 88 87 83 9999999
50 50 48 47 46 43 41 34 9999999
74 74 71 70 72 71 9999999
12 12 13 10 7 9 9999999
49 49 48 46 49 48 48 9999999
60 60 59 61 57 9999999
39 39 42 39 32 9999999
34 34 34 33 32 31 30 27 9999999
84 84 83 83 84 9999999
17 17 17 15 13 11 11 9999999
68 68 65 62 62 59 55 9999999
23 23 20 20 19 12 9999999
22 22 18 17 16 14 13 9999999
85 85 82 79 77 73 76 9999999
76 76 72 70 68 68 9999999
76 76 72 70 67 65 61 9999999
81 81 80 76 75 68 9999999
35 35 32 30 23 21 19 16 9999999
87 87 85 84 81 74 77 9999999
24 24 21 14 14 9999999
58 58 55 50 47 46 42 9999999
92 92 91 88 83 78 9999999
53 49 47 44 42 40 38 35 9999999
37 33 30 27 26 24 22 24 9999999
59 55 53 51 50 50 9999999
69 65 64 61 60 58 54 9999999
96 92 89 88 85 78 9999999
91 87 88 86 84 83 80 77 9999999
20 16 17 16 15 13 10 12 9999999
66 62 65 62 59 59 9999999
74 70 67 70 69 67 66 62 9999999
78 74 73 71 73 71 66 9999999
92 88 87 87 84 9999999
16 12 9 7 6 6 5 7 9999999
66 62 62 61 59 57 57 9999999
51 47 45 44 42 42 38 9999999
78 74 74 71 66 9999999
74 70 69 65 64 63 60 59 9999999
54 50 47 44 43 39 38 39 9999999
78 74 73 72 68 68 9999999
79 75 74 73 69 65 9999999
18 14 10 8 1 9999999
77 73 66 63 62 9999999
97 93 92 86 87 9999999
65 61 58 55 54 48 47 47 9999999
71 67 65 62 55 54 50 9999999
68 64 57 56 50 9999999
83 78 76 74 72 71 69 9999999
63 57 55 52 51 52 9999999
56 50 47 44 43 41 41 9999999
34 28 25 23 22 18 9999999
93 87 85 83 80 79 77 72 9999999
74 69 67 65 68 65 9999999
77 71 70 68 71 72 9999999
41 35 33 31 34 33 33 9999999
52 47 44 41 39 37 40 36 9999999
56 49 52 50 48 45 39 9999999
89 83 82 81 80 80 79 9999999
12 7 7 4 1 4 9999999
99 92 90 90 89 86 86 9999999
32 27 25 22 22 20 17 13 9999999
30 25 23 23 22 21 14 9999999
52 45 43 39 37 36 9999999
91 86 84 80 79 76 75 78 9999999
88 83 81 77 75 72 71 71 9999999
49 43 39 37 33 9999999
74 67 63 60 54 9999999
84 79 76 74 68 67 66 64 9999999
35 29 23 21 20 17 19 9999999
28 22 19 17 16 9 9 9999999
68 63 57 54 50 9999999
26 21 18 17 12 10 5 9999999
49 52 54 55 57 55 9999999
44 46 48 50 53 56 57 57 9999999
13 16 17 18 21 22 26 9999999
62 64 67 69 71 72 73 79 9999999
75 78 80 82 85 86 83 84 9999999
21 22 20 22 23 25 28 27 9999999
70 73 71 74 75 78 79 79 9999999
66 68 70 69 72 75 78 82 9999999
21 22 24 27 25 32 9999999
29 32 35 36 37 37 40 43 9999999
44 47 48 50 50 51 54 53 9999999
63 64 66 66 67 67 9999999
48 49 52 53 53 56 59 63 9999999
64 66 69 70 71 72 72 79 9999999
37 38 41 43 46 50 51 9999999
81 84 86 87 91 89 9999999
55 58 62 63 66 67 70 70 9999999
59 60 63 65 69 70 73 77 9999999
19 22 23 27 34 9999999
25 26 33 36 37 9999999
4 7 10 11 13 18 16 9999999
25 28 31 32 33 38 38 9999999
23 24 27 34 38 9999999
34 35 36 42 45 46 47 52 9999999
35 34 35 36 38 9999999
70 69 71 72 74 75 73 9999999
33 32 34 35 36 36 9999999
65 64 66 69 72 75 77 81 9999999
57 55 58 59 64 9999999
14 13 11 12 13 9999999
35 33 34 33 35 37 36 9999999
57 55 52 55 55 9999999
8 6 9 8 9 10 14 9999999
32 29 26 29 35 9999999
64 61 61 64 67 69 70 72 9999999
86 85 87 87 90 92 89 9999999
69 66 69 69 71 73 74 74 9999999
21 19 19 20 24 9999999
29 28 30 33 33 35 40 9999999
48 47 48 50 54 56 58 9999999
5 2 6 7 10 12 14 13 9999999
35 32 33 37 39 42 42 9999999
66 63 67 70 74 9999999
71 68 69 73 79 9999999
7 6 12 14 17 20 21 9999999
54 51 54 61 59 9999999
40 37 40 41 48 48 9999999
30 29 34 37 39 43 9999999
6 5 6 8 15 22 9999999
3 3 4 7 10 11 9999999
60 60 62 63 66 65 9999999
89 89 92 94 97 99 99 9999999
4 4 7 10 11 15 9999999
72 72 73 76 77 84 9999999
32 32 35 37 39 41 38 41 9999999
74 74 76 75 78 81 82 80 9999999
50 50 53 52 52 9999999
78 78 77 78 82 9999999
41 41 44 41 42 45 50 9999999
64 64 66 66 67 9999999
25 25 25 27 28 31 34 31 9999999
24 24 24 27 29 29 9999999
50 50 52 53 53 55 59 9999999
6 6 8 11 11 18 9999999
43 43 46 49 52 56 58 60 9999999
29 29 32 36 38 41 44 41 9999999
64 64 67 69 70 74 74 9999999
13 13 17 18 21 24 28 9999999
43 43 47 50 56 9999999
43 43 46 52 54 9999999
10 10 13 19 18 9999999
87 87 90 96 96 9999999
55 55 57 62 64 67 71 9999999
16 16 19 21 23 28 35 9999999
42 46 48 51 52 9999999
65 69 71 72 71 9999999
56 60 63 66 69 71 71 9999999
35 39 42 44 48 9999999
82 86 87 89 94 9999999
28 32 31 33 34 9999999
74 78 75 76 78 81 78 9999999
30 34 36 34 34 9999999
17 21 24 21 24 25 26 30 9999999
4 8 9 12 10 15 9999999
88 92 95 98 98 99 9999999
46 50 50 53 54 55 52 9999999
13 17 20 21 21 22 25 25 9999999
49 53 53 55 58 62 9999999
35 39 41 41 44 45 51 9999999
79 83 84 88 90 9999999
39 43 47 48 50 49 9999999
78 82 83 87 88 91 94 94 9999999
53 57 59 63 67 9999999
50 54 58 61 66 9999999
26 30 37 39 41 43 9999999
73 77 80 82 85 87 92 90 9999999
49 53 55 61 61 9999999
13 17 20 22 23 26 31 35 9999999
51 55 57 58 65 71 9999999
53 60 62 64 67 69 72 75 9999999
84 89 91 94 92 9999999
36 42 45 46 48 48 9999999
40 45 48 51 54 57 59 63 9999999
48 53 56 57 60 63 66 71 9999999
79 84 85 86 87 85 86 87 9999999
87 94 92 95 93 9999999
4 10 12 14 16 14 14 9999999
31 36 35 38 39 40 42 46 9999999
13 20 19 22 27 9999999
33 38 38 41 43 44 9999999
55 61 63 63 61 9999999
41 46 48 51 54 54 56 56 9999999
4 10 13 13 15 18 22 9999999
33 38 40 43 44 45 45 50 9999999
19 24 27 31 32 35 36 37 9999999
85 90 91 95 93 9999999
2 8 12 14 14 9999999
51 58 62 63 64 68 9999999
19 25 29 30 36 9999999
9 14 15 20 23 24 27 29 9999999
45 50 52 55 62 65 64 9999999
35 42 43 49 49 9999999
69 74 75 76 79 82 89 93 9999999
48 55 58 60 61 66 71 9999999
79 76 73 72 75 9999999
70 69 68 66 64 64 9999999
54 52 49 46 42 9999999
86 85 84 82 79 78 71 9999999
71 69 68 69 67 64 9999999
63 60 59 58 60 59 62 9999999
14 13 14 11 11 9999999
96 94 93 96 92 9999999
75 73 74 71 69 68 61 9999999
71 70 67 67 65 63 62 9999999
12 10 9 9 6 3 5 9999999
82 79 78 76 75 74 74 74 9999999
21 20 19 19 15 9999999
44 43 43 42 35 9999999
72 71 67 64 62 9999999
53 51 49 45 47 9999999
33 32 31 27 25 23 22 22 9999999
88 85 84 80 76 9999999
83 81 80 76 75 74 73 66 9999999
49 46 43 41 40 35 34 31 9999999
92 90 87 80 77 75 72 74 9999999
84 82 80 79 72 71 69 69 9999999
83 80 79 77 76 71 70 66 9999999
50 49 48 45 38 37 30 9999999
86 89 87 85 83 82 9999999
59 62 61 59 56 59 9999999
20 22 20 18 18 9999999
77 80 79 76 73 71 67 9999999
83 85 84 81 80 77 74 67 9999999
25 28 30 27 24 9999999
50 51 48 47 45 47 46 47 9999999
83 84 82 85 82 80 80 9999999
70 72 69 70 66 9999999
80 83 82 84 82 79 74 9999999
29 32 31 30 30 29 26 9999999
72 74 71 70 70 69 70 9999999
93 94 91 91 91 9999999
44 45 43 41 38 36 36 32 9999999
22 25 22 22 19 12 9999999
18 21 19 15 13 12 11 9999999
75 78 75 73 71 68 64 66 9999999
77 80 76 73 73 9999999
41 43 40 36 32 9999999
43 46 45 44 40 37 32 9999999
13 14 12 5 2 9999999
72 73 72 70 63 65 9999999
37 39 37 34 28 26 23 23 9999999
54 55 54 51 48 42 40 36 9999999
56 58 51 50 45 9999999
19 19 17 15 13 12 9999999
14 14 12 9 6 3 1 2 9999999
85 85 82 80 78 78 9999999
64 64 61 58 56 54 51 47 9999999
30 30 29 27 21 9999999
68 68 67 69 66 65 9999999
21 21 20 19 18 21 22 9999999
57 57 55 58 56 56 9999999
71 71 69 66 69 67 63 9999999
49 49 47 49 47 45 40 9999999
78 78 76 76 75 9999999
26 26 25 25 24 27 9999999
90 90 90 88 88 9999999
81 81 78 78 76 75 71 9999999
26 26 23 23 21 19 13 9999999
59 59 56 54 50 47 44 9999999
60 60 57 53 56 9999999
37 37 36 35 31 31 9999999
37 37 36 34 30 29 25 9999999
47 47 45 41 34 9999999
18 18 13 10 8 6 3 9999999
96 96 95 89 92 9999999
84 84 82 77 77 9999999
67 67 66 61 60 57 53 9999999
20 20 14 12 6 9999999
33 29 27 24 21 19 9999999
12 8 6 4 1 3 9999999
35 31 28 26 26 9999999
66 62 60 58 54 9999999
92 88 87 86 85 83 82 75 9999999
91 87 84 87 85 82 80 9999999
24 20 19 22 19 16 15 17 9999999
60 56 58 55 52 51 51 9999999
24 20 21 20 16 9999999
34 30 28 30 29 27 20 9999999
97 93 92 92 89 87 9999999
48 44 43 43 40 39 42 9999999
81 77 74 74 71 71 9999999
81 77 76 75 72 69 69 65 9999999
44 40 40 37 35 28 9999999
93 89 87 83 80 77 9999999
81 77 75 74 70 72 9999999
86 82 78 76 76 9999999
92 88 84 83 81 79 77 73 9999999
38 34 30 28 22 9999999
74 70 68 67 64 58 57 55 9999999
92 88 83 82 80 83 9999999
63 59 53 52 51 48 48 9999999
56 52 46 44 43 39 9999999
59 55 50 48 45 39 9999999
77 70 67 65 62 60 57 9999999
64 58 55 52 49 51 9999999
71 66 65 63 63 9999999
32 26 23 22 21 17 9999999
80 73 70 67 61 9999999
80 73 71 68 70 68 66 9999999
94 88 86 88 87 86 85 87 9999999
69 64 66 65 64 61 60 60 9999999
39 32 34 33 29 9999999
55 50 52 49 43 9999999
96 90 88 85 84 84 81 79 9999999
52 46 43 41 39 36 36 38 9999999
18 13 10 10 9 7 7 9999999
50 43 40 38 35 35 32 28 9999999
72 65 64 63 63 57 9999999
22 16 13 11 7 4 9999999
39 33 29 27 26 28 9999999
92 86 85 83 79 79 9999999
31 26 25 21 20 18 14 9999999
83 78 76 74 73 69 66 59 9999999
33 28 25 20 19 17 9999999
84 77 70 67 69 9999999
49 43 42 41 34 31 31 9999999
86 81 78 75 69 65 9999999
63 57 54 47 44 39 9999999
92 89 88 89 87 85 9999999
21 21 22 20 22 25 28 9999999
77 73 71 68 67 69 71 9999999
56 54 55 53 55 57 55 9999999
96 98 98 96 93 91 88 9999999
58 58 56 55 51 50 46 9999999
93 89 83 80 79 74 9999999
41 41 43 49 50 54 9999999
43 45 46 49 52 56 9999999
23 21 16 13 15 9999999
36 30 30 27 23 9999999
46 39 38 36 35 34 31 9999999
4 8 13 15 19 9999999
69 69 68 65 59 58 54 9999999
40 34 33 30 26 24 20 9999999
53 54 52 48 47 9999999
72 75 77 75 72 71 70 9999999
34 32 34 35 38 41 44 44 9999999
14 11 10 11 18 9999999
29 31 28 23 22 20 19 22 9999999
60 64 66 69 72 74 76 77 9999999
30 27 28 30 30 34 9999999
24 24 25 29 30 33 37 9999999
64 63 65 66 68 70 72 71 9999999
52 51 48 47 41 9999999
15 15 14 12 10 7 2 9999999
78 75 77 81 80 9999999
11 8 9 10 12 9999999
89 90 88 85 84 81 76 9999999
16 20 20 22 24 27 30 35 9999999
51 58 62 64 65 69 9999999
80 84 85 87 88 92 97 9999999
61 61 65 66 69 71 72 9999999
27 27 28 29 30 32 35 32 9999999
54 51 48 47 47 46 43 39 9999999
25 22 21 18 11 8 5 9999999
86 88 91 92 93 9999999
48 51 54 57 58 61 64 66 9999999
98 96 94 91 89 9999999
14 16 18 21 24 26 9999999
27 30 32 34 37 40 41 43 9999999
79 80 81 83 86 87 9999999
96 94 93 90 87 9999999
68 71 74 75 78 80 83 85 9999999
59 61 64 66 68 70 72 9999999
24 26 29 31 33 35 38 9999999
45 47 49 50 53 55 9999999
15 18 20 23 24 9999999
96 93 91 90 89 87 85 9999999
51 54 55 58 61 62 65 66 9999999
85 83 81 79 76 9999999
63 66 68 70 73 76 79 9999999
44 42 40 38 35 34 33 30 9999999
61 63 64 65 66 69 9999999
26 27 29 32 35 38 39 9999999
36 39 41 42 43 9999999
83 82 81 80 79 78 75 9999999
42 41 38 35 34 31 30 28 9999999
27 28 30 32 35 37 38 40 9999999
82 81 78 76 74 72 70 69 9999999
80 78 76 74 71 69 68 9999999
90 93 96 98 99 9999999
6 9 11 14 17 9999999
59 58 56 54 52 9999999
85 87 89 90 91 9999999
49 46 43 40 39 36 9999999
25 27 30 32 34 9999999
87 86 83 81 78 75 9999999
65 66 67 68 69 71 9999999
18 17 16 13 11 8 6 3 9999999
27 25 23 22 21 20 17 9999999
45 43 41 38 35 33 31 9999999
67 69 71 73 75 9999999
23 21 20 19 18 16 15 14 9999999
6 9 11 14 16 9999999
15 18 19 22 23 26 9999999
4 7 8 10 13 9999999
43 44 46 47 48 9999999
39 37 35 32 30 27 26 25 9999999
53 55 56 59 61 64 66 9999999
33 36 39 40 43 46 49 51 9999999
91 93 95 96 97 98 99 9999999
17 15 12 11 8 6 3 9999999
54 57 59 62 65 68 9999999
44 47 50 51 53 55 9999999
47 48 51 54 57 60 62 9999999
69 67 64 63 61 58 56 55 9999999
84 85 86 88 89 90 91 9999999
77 76 74 73 70 9999999
87 86 85 82 81 9999999
83 82 79 77 76 74 72 9999999
53 51 49 48 46 44 41 9999999
50 48 46 44 43 40 37 9999999
27 25 23 21 20 19 17 9999999
74 76 78 81 82 84 87 9999999
79 76 75 72 69 9999999
53 51 50 47 45 9999999
37 35 32 31 30 28 27 9999999
40 38 37 35 32 29 27 26 9999999
61 64 66 69 72 75 77 9999999
67 66 63 62 59 56 9999999
39 42 44 45 48 50 52 9999999
8 7 6 5 2 9999999
84 82 81 79 76 75 9999999
96 94 92 90 88 85 83 81 9999999
60 63 64 67 69 9999999
63 65 67 70 73 9999999
64 65 66 69 71 9999999
12 13 16 17 18 19 20 9999999
54 57 59 62 64 65 9999999
69 67 66 63 61 60 58 57 9999999
52 51 50 48 46 9999999
31 28 27 25 22 19 18 9999999
25 24 22 20 17 16 15 13 9999999
14 12 10 8 7 5 9999999
12 14 17 18 19 21 22 9999999
19 18 16 14 11 8 6 4 9999999
94 92 89 88 86 9999999
31 28 27 25 22 9999999
51 50 49 47 45 43 40 39 9999999
19 18 15 14 12 9999999
11 12 14 15 18 20 9999999
69 67 65 64 61 59 57 54 9999999
94 93 91 90 87 9999999
76 75 72 69 68 65 63 60 9999999
65 67 68 70 71 74 9999999
87 85 84 81 79 78 75 9999999
78 75 73 71 70 67 66 9999999
72 74 77 79 82 83 9999999
24 25 27 28 29 32 35 36 9999999
88 86 85 82 80 78 75 73 9999999
48 46 44 41 40 9999999
77 79 80 83 85 86 9999999
22 25 28 31 33 34 37 9999999
78 75 74 72 69 67 64 9999999
37 40 43 45 48 51 54 57 9999999
50 52 54 57 59 61 9999999
57 60 63 64 67 68 9999999
77 76 75 73 71 9999999
83 82 81 79 76 73 9999999
11 14 15 16 17 19 20 21 9999999
15 14 11 9 8 5 9999999
63 62 59 56 54 51 9999999
14 13 10 8 6 3 9999999
31 29 26 23 21 19 9999999
69 68 66 64 62 61 58 56 9999999
8 10 11 14 15 18 9999999
34 31 30 28 25 9999999
59 58 56 55 54 52 51 9999999
61 62 64 67 69 9999999
87 90 91 94 95 96 97 9999999
18 19 22 23 25 27 9999999
66 67 70 71 73 75 76 9999999
98 95 93 92 89 87 9999999
18 15 14 12 10 9999999
91 90 87 85 84 82 9999999
96 95 92 90 89 9999999
18 17 14 11 8 5 9999999
28 31 32 33 35 38 41 43 9999999
27 26 25 23 20 17 9999999
54 52 51 50 48 46 45 43 9999999
96 93 92 91 88 85 82 9999999
81 84 85 88 90 9999999
30 29 26 25 23 20 19 16 9999999
12 14 17 20 22 24 27 28 9999999
61 59 57 56 54 52 9999999
57 60 61 63 64 67 9999999
33 34 37 39 41 9999999
29 31 34 36 37 9999999
58 59 61 63 66 68 69 9999999
30 31 33 35 36 9999999
64 63 60 58 57 55 52 9999999
40 43 46 47 49 51 9999999
22 19 16 15 12 10 9999999
41 40 38 36 33 9999999
77 78 79 81 82 83 86 9999999
51 50 47 46 43 40 39 38 9999999
59 62 63 65 68 71 73 9999999
58 61 64 66 69 71 9999999
28 27 26 23 20 18 15 9999999
29 26 24 23 20 19 18 15 9999999
89 90 92 93 94 9999999
75 73 72 71 68 9999999
35 32 29 27 24 22 19 18 9999999
44 43 40 39 37 36 33 31 9999999
98 97 96 94 93 91 90 89 9999999
53 51 49 46 44 41 38 9999999
76 77 78 79 80 83 84 9999999
84 86 89 92 93 96 9999999
31 34 35 37 40 41 9999999
12 11 9 6 4 3 2 1 9999999
80 83 86 89 91 94 95 98 9999999
17 18 19 20 22 24 9999999
20 23 24 26 27 30 9999999
61 60 59 58 56 54 51 9999999
10 8 5 3 1 9999999
39 37 34 33 31 28 25 9999999
83 82 80 78 77 74 71 68 9999999
70 67 64 61 60 9999999
82 84 87 90 91 92 95 9999999
11 13 15 18 20 23 24 9999999
87 84 82 80 77 76 75 72 9999999
47 44 41 39 36 33 9999999
9 12 13 14 15 18 9999999
24 22 20 18 17 9999999
77 80 81 83 86 87 90 91 9999999
54 55 57 58 60 63 9999999
30 27 25 22 21 19 16 9999999
35 33 32 31 30 9999999
31 28 25 22 20 19 18 9999999
29 31 32 33 35 9999999
72 75 78 80 83 85 86 9999999
82 80 78 77 74 9999999
20 18 15 12 10 7 6 9999999
38 41 43 46 49 50 51 9999999
52 54 57 60 62 9999999
57 59 60 61 63 64 67 70 9999999
11 12 15 16 18 9999999
2 4 6 7 9 12 9999999
36 38 40 41 44 9999999
22 25 27 30 32 34 36 39 9999999
71 72 73 76 79 80 9999999
68 71 72 75 78 81 84 86 9999999
69 70 73 76 78 80 9999999
40 38 36 33 31 28 25 23 9999999
5 6 8 10 13 16 9999999
30 28 26 25 22 9999999
30 27 26 23 21 20 9999999
19 20 22 23 25 26 28 29 9999999
74 71 69 66 63 61 9999999
22 23 25 26 28 29 31 32 9999999
9 10 12 14 15 17 20 9999999
16 14 13 12 10 9999999
91 90 89 87 85 83 81 79 9999999
56 54 53 50 48 9999999
43 42 41 40 37 34 33 31 9999999
92 89 87 85 83 82 9999999
28 26 25 24 21 18 15 9999999
73 74 76 77 78 81 9999999
89 86 83 81 80 77 74 73 9999999
34 35 38 41 42 45 48 50 9999999
18 15 12 9 8 9999999
69 67 66 64 62 60 9999999
35 37 38 39 40 41 9999999
93 94 95 97 98 9999999
48 49 52 54 55 58 59 9999999
28 29 30 32 33 34 35 37 9999999
92 90 88 86 85 84 9999999
26 27 30 33 35 38 9999999
45 47 49 52 54 57 9999999
69 68 66 63 61 60 57 9999999
69 68 66 64 63 9999999
6 7 8 11 12 14 16 19 9999999
61 63 65 66 67 70 73 75 9999999
87 85 84 82 80 9999999
93 92 91 88 87 86 85 9999999